4.160000000000000000e+02
5.800000000000000000e+02
8.700000000000000000e+01
2.850000000000000000e+02
6.080000000000000000e+02
5.190000000000000000e+02
2.420000000000000000e+02
2.000000000000000000e+01
6.640000000000000000e+02
5.520000000000000000e+02
6.280000000000000000e+02
8.720000000000000000e+02
1.023000000000000000e+03
4.510000000000000000e+02
5.300000000000000000e+01
1.860000000000000000e+02
9.070000000000000000e+02
3.410000000000000000e+02
1.000000000000000000e+01
4.820000000000000000e+02
3.220000000000000000e+02
3.620000000000000000e+02
4.200000000000000000e+01
0.000000000000000000e+00
5.240000000000000000e+02
7.320000000000000000e+02
3.400000000000000000e+01
5.080000000000000000e+02
3.470000000000000000e+02
1.500000000000000000e+01
3.840000000000000000e+02
6.000000000000000000e+01
4.980000000000000000e+02
2.690000000000000000e+02
2.700000000000000000e+01
3.700000000000000000e+02
3.330000000000000000e+02
3.270000000000000000e+02
5.000000000000000000e+00
3.120000000000000000e+02
5.620000000000000000e+02
4.700000000000000000e+01
6.800000000000000000e+02
5.440000000000000000e+02
2.020000000000000000e+02
3.510000000000000000e+02
5.300000000000000000e+02
8.310000000000000000e+02
2.800000000000000000e+02
5.140000000000000000e+02
3.100000000000000000e+01
7.900000000000000000e+01
6.600000000000000000e+01
1.910000000000000000e+02
9.360000000000000000e+02
3.030000000000000000e+02
2.900000000000000000e+02
3.750000000000000000e+02
4.930000000000000000e+02
3.080000000000000000e+02
3.550000000000000000e+02
5.600000000000000000e+01
5.030000000000000000e+02
7.100000000000000000e+01
3.190000000000000000e+02
4.390000000000000000e+02
4.700000000000000000e+02
1.230000000000000000e+02
3.660000000000000000e+02
3.440000000000000000e+02
3.360000000000000000e+02
3.960000000000000000e+02
3.700000000000000000e+01
5.860000000000000000e+02
5.570000000000000000e+02
3.300000000000000000e+02
7.120000000000000000e+02
7.270000000000000000e+02
5.400000000000000000e+02
2.240000000000000000e+02
5.000000000000000000e+01
3.880000000000000000e+02
2.990000000000000000e+02
8.880000000000000000e+02
9.960000000000000000e+02
2.400000000000000000e+01
3.590000000000000000e+02
4.770000000000000000e+02
1.400000000000000000e+02
4.100000000000000000e+02
4.580000000000000000e+02
2.550000000000000000e+02
7.790000000000000000e+02
5.360000000000000000e+02
4.320000000000000000e+02
2.060000000000000000e+02
2.350000000000000000e+02
6.450000000000000000e+02
3.160000000000000000e+02
3.790000000000000000e+02
2.760000000000000000e+02
2.950000000000000000e+02
3.920000000000000000e+02
5.940000000000000000e+02
1.680000000000000000e+02
7.400000000000000000e+01
5.670000000000000000e+02
5.480000000000000000e+02
5.270000000000000000e+02
7.380000000000000000e+02
4.200000000000000000e+02
4.640000000000000000e+02
5.110000000000000000e+02
2.720000000000000000e+02
2.100000000000000000e+02
4.000000000000000000e+02
2.320000000000000000e+02
2.500000000000000000e+02
1.120000000000000000e+02
6.160000000000000000e+02
4.900000000000000000e+02
4.400000000000000000e+01
6.560000000000000000e+02
8.480000000000000000e+02
6.300000000000000000e+01
7.170000000000000000e+02
2.600000000000000000e+02
5.830000000000000000e+02
7.000000000000000000e+00
5.170000000000000000e+02
6.120000000000000000e+02
4.470000000000000000e+02
5.330000000000000000e+02
1.350000000000000000e+02
2.390000000000000000e+02
4.280000000000000000e+02
2.130000000000000000e+02
7.990000000000000000e+02
4.550000000000000000e+02
6.880000000000000000e+02
1.300000000000000000e+01
3.240000000000000000e+02
4.860000000000000000e+02
1.015000000000000000e+03
4.000000000000000000e+01
4.420000000000000000e+02
5.730000000000000000e+02
7.540000000000000000e+02
2.000000000000000000e+00
1.800000000000000000e+01
2.180000000000000000e+02
7.730000000000000000e+02
6.000000000000000000e+02
2.640000000000000000e+02
8.200000000000000000e+01
4.240000000000000000e+02
7.060000000000000000e+02
5.060000000000000000e+02
5.910000000000000000e+02
1.570000000000000000e+02
7.480000000000000000e+02
9.760000000000000000e+02
4.360000000000000000e+02
7.910000000000000000e+02
4.040000000000000000e+02
1.650000000000000000e+02
3.390000000000000000e+02
4.960000000000000000e+02
5.700000000000000000e+02
7.200000000000000000e+02
1.830000000000000000e+02
8.960000000000000000e+02
6.320000000000000000e+02
8.400000000000000000e+02
1.950000000000000000e+02
5.220000000000000000e+02
9.200000000000000000e+01
4.130000000000000000e+02
3.730000000000000000e+02
7.430000000000000000e+02
1.060000000000000000e+02
1.600000000000000000e+02
7.570000000000000000e+02
7.830000000000000000e+02
1.460000000000000000e+02
2.290000000000000000e+02
8.560000000000000000e+02
9.160000000000000000e+02
4.610000000000000000e+02
1.007000000000000000e+03
5.760000000000000000e+02
8.800000000000000000e+02
3.060000000000000000e+02
9.520000000000000000e+02
5.550000000000000000e+02
1.520000000000000000e+02
2.830000000000000000e+02
4.070000000000000000e+02
7.760000000000000000e+02
2.450000000000000000e+02
7.240000000000000000e+02
8.110000000000000000e+02
6.610000000000000000e+02
6.390000000000000000e+02
9.280000000000000000e+02
7.670000000000000000e+02
9.900000000000000000e+01
6.800000000000000000e+01
4.670000000000000000e+02
5.420000000000000000e+02
7.350000000000000000e+02
9.860000000000000000e+02
1.790000000000000000e+02
7.630000000000000000e+02
4.740000000000000000e+02
1.300000000000000000e+02
3.810000000000000000e+02
5.590000000000000000e+02
6.510000000000000000e+02
5.000000000000000000e+02
8.630000000000000000e+02
9.500000000000000000e+01
7.870000000000000000e+02
7.300000000000000000e+02
2.930000000000000000e+02
1.170000000000000000e+02
7.600000000000000000e+01
7.030000000000000000e+02
3.490000000000000000e+02
2.210000000000000000e+02
6.050000000000000000e+02
1.730000000000000000e+02
8.160000000000000000e+02
7.510000000000000000e+02
2.880000000000000000e+02
7.960000000000000000e+02
5.640000000000000000e+02
7.700000000000000000e+02
3.010000000000000000e+02
6.190000000000000000e+02
5.460000000000000000e+02
8.400000000000000000e+01
9.030000000000000000e+02
9.630000000000000000e+02
6.720000000000000000e+02
1.270000000000000000e+02
8.030000000000000000e+02
5.970000000000000000e+02
1.200000000000000000e+02
2.670000000000000000e+02
6.230000000000000000e+02
3.640000000000000000e+02
8.270000000000000000e+02
2.520000000000000000e+02
4.800000000000000000e+02
4.340000000000000000e+02
2.580000000000000000e+02
9.220000000000000000e+02
2.270000000000000000e+02
2.900000000000000000e+01
1.019000000000000000e+03
9.440000000000000000e+02
9.910000000000000000e+02
8.520000000000000000e+02
7.400000000000000000e+02
9.120000000000000000e+02
6.980000000000000000e+02
1.030000000000000000e+02
8.350000000000000000e+02
3.570000000000000000e+02
5.880000000000000000e+02
7.600000000000000000e+02
6.420000000000000000e+02
7.460000000000000000e+02
1.000000000000000000e+03
6.760000000000000000e+02
3.680000000000000000e+02
5.500000000000000000e+02
6.480000000000000000e+02
3.100000000000000000e+02
1.990000000000000000e+02
6.930000000000000000e+02
4.450000000000000000e+02
8.070000000000000000e+02
9.000000000000000000e+01
6.360000000000000000e+02
1.490000000000000000e+02
9.700000000000000000e+02
5.800000000000000000e+01
4.260000000000000000e+02
3.940000000000000000e+02
7.150000000000000000e+02
6.840000000000000000e+02
5.380000000000000000e+02
8.230000000000000000e+02
3.520000000000000000e+02
1.620000000000000000e+02
1.700000000000000000e+02
1.430000000000000000e+02
2.200000000000000000e+01
